<?xml version="1.0"?>
<opencv_storage>
<cameraMatrix type_id="opencv-matrix">
  <rows>3</rows>
  <cols>3</cols>
  <dt>d</dt>
  <data>
    1.5548025309265749e+03 0. 4.5339984911266868e+02 0.
    1.5548025309265749e+03 5.2803784761801194e+02 0. 0. 1.</data></cameraMatrix>
</opencv_storage>
