<?xml version="1.0"?>
<opencv_storage>
<cameraMatrix type_id="opencv-matrix">
  <rows>3</rows>
  <cols>3</cols>
  <dt>d</dt>
  <data>
    1.1098214425231831e+03 0. 6.5761913827183378e+02 0.
    1.1098214425231831e+03 3.7802734759081403e+02 0. 0. 1.</data></cameraMatrix>
</opencv_storage>
