<?xml version="1.0"?>
<opencv_storage>
<distCoeffs type_id="opencv-matrix">
  <rows>5</rows>
  <cols>1</cols>
  <dt>d</dt>
  <data>
    -2.0220233655518807e+00 9.8144894313614799e+00
    -5.0516502997767478e-02 4.4116046048788445e-02
    -2.1987064186211910e+01</data></distCoeffs>
</opencv_storage>
